MAE=0.025548
RMSE=0.099222
MAX_ABS=1.000000
PCT_PIXELS_GT_0.01=0.106096
OLD_MEAN=0.177199
NEW_MEAN=0.156012
